ltc,anaemia,AF,atherosclerosis,CHD,heartfailure,hypertension,PCD,PVD,stroke,TIA,diabetes,lipids,obesity,CKD,thy,liverdisease,diverticulardisease,GORD,inflammatoryboweldisease,irritablebowelsyndrome,ulcer,hearingloss,menieres,cataract,glaucoma,maculardegeneration,endometriosis,prostateconditions,anxietydisorders,depression,stressdisorders,psy,PD,epilepsy,migraine,MS,sleepdisorders,CFS,arthritis,osteoporosis,asthma,bronchiectasis,chronicsinusitis,COPD,psoriasiseczema,cancer,Cluster_4prevalence,Cluster_4OE
anaemia,1.0,0.21,0.06,0.14,0.37,0.09,0.26,0.07,2.16,1.75,0.11,0.14,0.12,0.4,0.12,0.22,0.08,0.09,0.13,0.06,0.21,0.06,0.05,0.08,0.09,0.15,0.05,0.07,0.08,0.11,0.11,0.07,0.04,0.3,0.14,0.0,0.1,0.39,0.07,0.08,0.06,0.14,0.04,0.17,0.09,0.06,6.8,2.04
AF,0.21,1.0,0.16,0.28,0.94,0.19,0.54,0.11,4.37,3.25,0.16,0.27,0.2,0.39,0.13,0.12,0.08,0.08,0.13,0.09,0.12,0.11,0.11,0.09,0.15,0.14,0.15,0.12,0.12,0.15,0.24,0.15,0.17,0.55,0.2,0.0,0.29,0.6,0.09,0.08,0.11,0.11,0.07,0.22,0.15,0.07,13.1,4.06
atherosclerosis,0.06,0.16,1.0,0.03,0.17,0.03,0.0,0.0,0.72,1.14,0.06,0.04,0.07,0.14,0.05,0.0,0.02,0.0,0.03,0.0,0.0,0.0,0.0,0.0,0.07,0.0,0.0,0.03,0.06,0.03,0.0,0.0,0.0,0.17,0.07,0.0,0.09,0.11,0.03,0.04,0.0,0.0,0.0,0.0,0.03,0.03,0.2,0.49
CHD,0.14,0.28,0.03,1.0,0.53,0.13,0.23,0.11,2.16,2.42,0.12,0.23,0.12,0.25,0.07,0.12,0.05,0.08,0.1,0.06,0.1,0.06,0.05,0.07,0.08,0.07,0.0,0.08,0.09,0.1,0.11,0.09,0.06,0.35,0.13,0.06,0.12,0.27,0.06,0.05,0.07,0.06,0.02,0.18,0.07,0.04,15.5,2.32
heartfailure,0.37,0.94,0.17,0.53,1.0,0.2,0.94,0.15,4.38,3.05,0.26,0.31,0.33,0.74,0.22,0.45,0.1,0.12,0.21,0.11,0.17,0.09,0.0,0.12,0.13,0.11,0.0,0.18,0.11,0.23,0.32,0.0,0.23,0.54,0.18,0.0,0.38,0.62,0.13,0.1,0.11,0.06,0.03,0.41,0.19,0.11,4.6,3.88
hypertension,0.09,0.19,0.03,0.13,0.2,1.0,0.12,0.09,2.47,2.3,0.11,0.19,0.09,0.19,0.06,0.1,0.05,0.06,0.07,0.05,0.08,0.06,0.05,0.06,0.07,0.07,0.04,0.08,0.07,0.08,0.1,0.07,0.07,0.33,0.13,0.01,0.11,0.26,0.06,0.05,0.06,0.04,0.04,0.11,0.07,0.04,45.6,2.47
PCD,0.26,0.54,0.0,0.23,0.94,0.12,1.0,0.15,3.12,1.86,0.11,0.15,0.21,0.36,0.1,0.08,0.09,0.06,0.17,0.04,0.18,0.06,0.0,0.06,0.07,0.09,0.0,0.09,0.09,0.11,0.0,0.16,0.19,0.73,0.2,0.0,0.17,0.36,0.07,0.14,0.07,0.19,0.0,0.18,0.08,0.08,2.0,2.71
PVD,0.07,0.11,0.0,0.11,0.15,0.09,0.15,1.0,0.94,2.98,0.09,0.15,0.05,0.1,0.03,0.18,0.02,0.04,0.03,0.0,0.03,0.06,0.0,0.04,0.18,0.13,0.0,0.07,0.05,0.04,0.0,0.23,0.14,0.29,0.14,0.0,0.12,0.18,0.04,0.04,0.05,0.07,0.0,0.13,0.02,0.02,1.6,1.55
stroke,2.16,4.37,0.72,2.16,4.38,2.47,3.12,0.94,1.0,15.73,2.05,3.27,1.54,3.4,1.57,2.04,1.01,1.2,1.44,0.97,1.66,1.56,1.38,1.28,1.46,1.07,0.72,1.49,1.58,1.86,1.35,1.04,1.95,6.13,2.62,0.96,2.05,4.62,1.18,1.28,1.28,1.28,1.03,2.14,1.3,0.96,64.4,57.24
TIA,1.75,3.25,1.14,2.42,3.05,2.3,1.86,2.98,15.73,1.0,1.84,3.42,1.46,3.28,1.39,1.67,1.12,1.57,1.61,1.04,1.82,1.42,2.2,1.04,1.68,1.34,0.92,1.6,1.94,2.1,3.76,1.49,2.52,3.67,3.26,1.22,1.83,3.68,1.25,1.08,1.47,1.46,1.3,2.44,1.77,0.91,41.8,59.09
diabetes,0.11,0.16,0.06,0.12,0.26,0.11,0.11,0.09,2.05,1.84,1.0,0.17,0.13,0.21,0.06,0.12,0.05,0.05,0.08,0.04,0.07,0.06,0.09,0.07,0.06,0.15,0.03,0.05,0.07,0.08,0.07,0.09,0.03,0.3,0.07,0.04,0.12,0.29,0.05,0.05,0.05,0.08,0.04,0.14,0.08,0.04,11.0,2.01
lipids,0.14,0.27,0.04,0.23,0.31,0.19,0.15,0.15,3.27,3.42,0.17,1.0,0.13,0.27,0.1,0.14,0.07,0.09,0.11,0.07,0.1,0.1,0.08,0.08,0.11,0.1,0.0,0.11,0.13,0.14,0.08,0.16,0.11,0.53,0.19,0.07,0.14,0.36,0.08,0.07,0.09,0.09,0.07,0.18,0.09,0.05,30.5,3.36
obesity,0.12,0.2,0.07,0.12,0.33,0.09,0.21,0.05,1.54,1.46,0.13,0.13,1.0,0.22,0.04,0.11,0.05,0.06,0.08,0.05,0.06,0.04,0.11,0.05,0.03,0.02,0.0,0.05,0.09,0.1,0.0,0.16,0.09,0.27,0.11,0.07,0.25,0.27,0.07,0.05,0.07,0.0,0.03,0.15,0.05,0.03,4.7,1.55
CKD,0.4,0.39,0.14,0.25,0.74,0.19,0.36,0.1,3.4,3.28,0.21,0.27,0.22,1.0,0.13,0.29,0.15,0.11,0.19,0.07,0.15,0.08,0.23,0.18,0.17,0.26,0.0,0.13,0.17,0.24,0.26,0.08,0.09,0.52,0.18,0.0,0.26,0.55,0.12,0.18,0.12,0.19,0.05,0.25,0.14,0.11,5.0,3.37
thy,0.12,0.13,0.05,0.07,0.22,0.06,0.1,0.03,1.57,1.39,0.06,0.1,0.04,0.13,1.0,0.1,0.04,0.03,0.07,0.04,0.05,0.03,0.05,0.06,0.06,0.07,0.04,0.04,0.04,0.07,0.2,0.06,0.0,0.23,0.12,0.06,0.05,0.2,0.04,0.06,0.05,0.07,0.06,0.1,0.03,0.03,5.8,1.52
liverdisease,0.22,0.12,0.0,0.12,0.45,0.1,0.08,0.18,2.04,1.67,0.12,0.14,0.11,0.29,0.1,1.0,0.08,0.07,0.12,0.11,0.18,0.0,0.0,0.1,0.09,0.0,0.0,0.05,0.05,0.15,0.0,0.1,0.23,0.35,0.12,0.0,0.08,0.45,0.06,0.09,0.1,0.0,0.0,0.18,0.1,0.06,2.2,1.91
diverticulardisease,0.08,0.08,0.02,0.05,0.1,0.05,0.09,0.02,1.01,1.12,0.05,0.07,0.05,0.15,0.04,0.08,1.0,0.04,0.08,0.04,0.07,0.04,0.03,0.02,0.03,0.04,0.05,0.05,0.04,0.05,0.12,0.04,0.07,0.15,0.09,0.0,0.07,0.21,0.03,0.02,0.04,0.03,0.05,0.07,0.05,0.02,6.7,1.1
GORD,0.09,0.08,0.0,0.08,0.12,0.06,0.06,0.04,1.2,1.57,0.05,0.09,0.06,0.11,0.03,0.07,0.04,1.0,0.04,0.08,0.13,0.04,0.1,0.03,0.05,0.02,0.0,0.06,0.08,0.08,0.14,0.02,0.1,0.15,0.11,0.08,0.07,0.23,0.04,0.05,0.06,0.04,0.04,0.1,0.06,0.02,7.6,1.39
inflammatoryboweldisease,0.13,0.13,0.03,0.1,0.21,0.07,0.17,0.03,1.44,1.61,0.08,0.11,0.08,0.19,0.07,0.12,0.08,0.04,1.0,0.1,0.09,0.05,0.0,0.03,0.05,0.06,0.05,0.06,0.06,0.08,0.11,0.17,0.04,0.29,0.1,0.0,0.08,0.26,0.04,0.08,0.06,0.08,0.02,0.11,0.05,0.04,5.3,1.54
irritablebowelsyndrome,0.06,0.09,0.0,0.06,0.11,0.05,0.04,0.0,0.97,1.04,0.04,0.07,0.05,0.07,0.04,0.11,0.04,0.08,0.1,1.0,0.08,0.05,0.0,0.02,0.04,0.0,0.0,0.03,0.07,0.11,0.0,0.0,0.1,0.04,0.19,0.0,0.06,0.16,0.03,0.06,0.05,0.0,0.06,0.08,0.05,0.05,1.5,1.06
ulcer,0.21,0.12,0.0,0.1,0.17,0.08,0.18,0.03,1.66,1.82,0.07,0.1,0.06,0.15,0.05,0.18,0.07,0.13,0.09,0.08,1.0,0.07,0.0,0.05,0.08,0.03,0.0,0.06,0.09,0.07,0.0,0.05,0.11,0.25,0.17,0.09,0.09,0.22,0.05,0.07,0.06,0.03,0.03,0.16,0.06,0.04,4.3,1.81
hearingloss,0.06,0.11,0.0,0.06,0.09,0.06,0.06,0.06,1.56,1.42,0.06,0.1,0.04,0.08,0.03,0.0,0.04,0.04,0.05,0.05,0.07,1.0,0.14,0.03,0.07,0.05,0.0,0.08,0.1,0.06,0.3,0.0,0.11,0.21,0.1,0.0,0.04,0.24,0.04,0.06,0.05,0.0,0.11,0.06,0.07,0.04,3.9,1.55
menieres,0.05,0.11,0.0,0.05,0.0,0.05,0.0,0.0,1.38,2.2,0.09,0.08,0.11,0.23,0.05,0.0,0.03,0.1,0.0,0.0,0.0,0.14,1.0,0.0,0.0,0.0,0.0,0.0,0.05,0.13,0.0,0.0,0.0,0.0,0.12,0.0,0.15,0.0,0.07,0.0,0.06,0.0,0.0,0.16,0.06,0.06,0.3,1.56
cataract,0.08,0.09,0.0,0.07,0.12,0.06,0.06,0.04,1.28,1.04,0.07,0.08,0.05,0.18,0.06,0.1,0.02,0.03,0.03,0.02,0.05,0.03,0.0,1.0,0.14,0.19,0.0,0.03,0.04,0.06,0.0,0.05,0.03,0.25,0.06,0.0,0.05,0.13,0.03,0.05,0.05,0.05,0.0,0.08,0.01,0.02,5.4,1.21
glaucoma,0.09,0.15,0.07,0.08,0.13,0.07,0.07,0.18,1.46,1.68,0.06,0.11,0.03,0.17,0.06,0.09,0.03,0.05,0.05,0.04,0.08,0.07,0.0,0.14,1.0,0.18,0.12,0.06,0.04,0.07,0.0,0.08,0.2,0.3,0.19,0.0,0.06,0.11,0.05,0.04,0.05,0.05,0.06,0.08,0.06,0.03,2.2,1.6
maculardegeneration,0.15,0.14,0.0,0.07,0.11,0.07,0.09,0.13,1.07,1.34,0.15,0.1,0.02,0.26,0.07,0.0,0.04,0.02,0.06,0.0,0.03,0.05,0.0,0.19,0.18,1.0,0.0,0.04,0.06,0.07,0.0,0.21,0.0,0.42,0.13,0.0,0.21,0.33,0.03,0.05,0.04,0.0,0.0,0.03,0.02,0.04,0.7,1.3
endometriosis,0.05,0.15,0.0,0.0,0.0,0.04,0.0,0.0,0.72,0.92,0.03,0.0,0.0,0.0,0.04,0.0,0.05,0.0,0.05,0.0,0.0,0.0,0.0,0.0,0.12,0.0,1.0,0.0,0.0,0.08,0.0,0.0,0.0,0.0,0.0,0.0,0.0,0.17,0.02,0.07,0.0,0.0,0.18,0.0,0.0,0.02,0.2,0.78
prostateconditions,0.07,0.12,0.03,0.08,0.18,0.08,0.09,0.07,1.49,1.6,0.05,0.11,0.05,0.13,0.04,0.05,0.05,0.06,0.06,0.03,0.06,0.08,0.0,0.03,0.06,0.04,0.0,1.0,0.06,0.06,0.0,0.04,0.09,0.24,0.08,0.0,0.12,0.22,0.04,0.02,0.04,0.0,0.06,0.08,0.07,0.04,5.0,1.58
anxietydisorders,0.08,0.12,0.06,0.09,0.11,0.07,0.09,0.05,1.58,1.94,0.07,0.13,0.09,0.17,0.04,0.05,0.04,0.08,0.06,0.07,0.09,0.1,0.05,0.04,0.04,0.06,0.0,0.06,1.0,0.21,0.0,0.07,0.17,0.29,0.17,0.0,0.11,0.2,0.05,0.05,0.07,0.06,0.05,0.08,0.06,0.03,5.6,1.7
depression,0.11,0.15,0.03,0.1,0.23,0.08,0.11,0.04,1.86,2.1,0.08,0.14,0.1,0.24,0.07,0.15,0.05,0.08,0.08,0.11,0.07,0.06,0.13,0.06,0.07,0.07,0.08,0.06,0.21,1.0,0.1,0.03,0.07,0.41,0.14,0.0,0.16,0.21,0.06,0.07,0.09,0.04,0.05,0.18,0.09,0.04,7.6,1.98
stressdisorders,0.11,0.24,0.0,0.11,0.32,0.1,0.0,0.0,1.35,3.76,0.07,0.08,0.0,0.26,0.2,0.0,0.12,0.14,0.11,0.0,0.0,0.3,0.0,0.0,0.0,0.0,0.0,0.0,0.0,0.1,1.0,0.0,0.0,0.0,0.26,0.0,0.0,0.4,0.0,0.15,0.06,0.0,0.0,0.0,0.13,0.0,0.2,2.06
psy,0.07,0.15,0.0,0.09,0.0,0.07,0.16,0.23,1.04,1.49,0.09,0.16,0.16,0.08,0.06,0.1,0.04,0.02,0.17,0.0,0.05,0.0,0.0,0.05,0.08,0.21,0.0,0.04,0.07,0.03,0.0,1.0,0.0,0.2,0.16,0.0,0.2,0.37,0.04,0.1,0.08,0.0,0.27,0.27,0.08,0.0,0.4,1.27
PD,0.04,0.17,0.0,0.06,0.23,0.07,0.19,0.14,1.95,2.52,0.03,0.11,0.09,0.09,0.0,0.23,0.07,0.1,0.04,0.1,0.11,0.11,0.0,0.03,0.2,0.0,0.0,0.09,0.17,0.07,0.0,0.0,1.0,0.69,0.0,0.0,0.23,0.72,0.05,0.06,0.09,0.0,0.0,0.19,0.05,0.06,0.5,1.98
epilepsy,0.3,0.55,0.17,0.35,0.54,0.33,0.73,0.29,6.13,3.67,0.3,0.53,0.27,0.52,0.23,0.35,0.15,0.15,0.29,0.04,0.25,0.21,0.0,0.25,0.3,0.42,0.0,0.24,0.29,0.41,0.0,0.2,0.69,1.0,1.44,0.0,0.35,3.04,0.17,0.22,0.26,0.23,0.13,0.52,0.24,0.17,4.2,7.04
migraine,0.14,0.2,0.07,0.13,0.18,0.13,0.2,0.14,2.62,3.26,0.07,0.19,0.11,0.18,0.12,0.12,0.09,0.11,0.1,0.19,0.17,0.1,0.12,0.06,0.19,0.13,0.0,0.08,0.17,0.14,0.26,0.16,0.0,1.44,1.0,0.0,0.12,0.35,0.1,0.08,0.11,0.0,0.08,0.12,0.09,0.07,4.9,3.3
MS,0.0,0.0,0.0,0.06,0.0,0.01,0.0,0.0,0.96,1.22,0.04,0.07,0.07,0.0,0.06,0.0,0.0,0.08,0.0,0.0,0.09,0.0,0.0,0.0,0.0,0.0,0.0,0.0,0.0,0.0,0.0,0.0,0.0,0.0,0.0,1.0,0.0,0.0,0.03,0.0,0.03,0.0,0.0,0.1,0.0,0.0,0.2,1.04
sleepdisorders,0.1,0.29,0.09,0.12,0.38,0.11,0.17,0.12,2.05,1.83,0.12,0.14,0.25,0.26,0.05,0.08,0.07,0.07,0.08,0.06,0.09,0.04,0.15,0.05,0.06,0.21,0.0,0.12,0.11,0.16,0.0,0.2,0.23,0.35,0.12,0.0,1.0,0.32,0.06,0.01,0.09,0.12,0.07,0.18,0.08,0.05,2.4,2.06
CFS,0.39,0.6,0.11,0.27,0.62,0.26,0.36,0.18,4.62,3.68,0.29,0.36,0.27,0.55,0.2,0.45,0.21,0.23,0.26,0.16,0.22,0.24,0.0,0.13,0.11,0.33,0.17,0.22,0.2,0.21,0.4,0.37,0.72,3.04,0.35,0.0,0.32,1.0,0.15,0.12,0.18,0.36,0.21,0.38,0.28,0.09,4.8,5.0
arthritis,0.07,0.09,0.03,0.06,0.13,0.06,0.07,0.04,1.18,1.25,0.05,0.08,0.07,0.12,0.04,0.06,0.03,0.04,0.04,0.03,0.05,0.04,0.07,0.03,0.05,0.03,0.02,0.04,0.05,0.06,0.0,0.04,0.05,0.17,0.1,0.03,0.06,0.15,1.0,0.04,0.05,0.05,0.05,0.09,0.04,0.02,18.5,1.25
osteoporosis,0.08,0.08,0.04,0.05,0.1,0.05,0.14,0.04,1.28,1.08,0.05,0.07,0.05,0.18,0.06,0.09,0.02,0.05,0.08,0.06,0.07,0.06,0.0,0.05,0.04,0.05,0.07,0.02,0.05,0.07,0.15,0.1,0.06,0.22,0.08,0.0,0.01,0.12,0.04,1.0,0.04,0.2,0.0,0.09,0.04,0.04,3.0,1.22
asthma,0.06,0.11,0.0,0.07,0.11,0.06,0.07,0.05,1.28,1.47,0.05,0.09,0.07,0.12,0.05,0.1,0.04,0.06,0.06,0.05,0.06,0.05,0.06,0.05,0.05,0.04,0.0,0.04,0.07,0.09,0.06,0.08,0.09,0.26,0.11,0.03,0.09,0.18,0.05,0.04,1.0,0.1,0.08,0.23,0.07,0.03,8.8,1.4
bronchiectasis,0.14,0.11,0.0,0.06,0.06,0.04,0.19,0.07,1.28,1.46,0.08,0.09,0.0,0.19,0.07,0.0,0.03,0.04,0.08,0.0,0.03,0.0,0.0,0.05,0.05,0.0,0.0,0.0,0.06,0.04,0.0,0.0,0.0,0.23,0.0,0.0,0.12,0.36,0.05,0.2,0.1,1.0,0.0,0.25,0.07,0.02,0.7,1.45
chronicsinusitis,0.04,0.07,0.0,0.02,0.03,0.04,0.0,0.0,1.03,1.3,0.04,0.07,0.03,0.05,0.06,0.0,0.05,0.04,0.02,0.06,0.03,0.11,0.0,0.0,0.06,0.0,0.18,0.06,0.05,0.05,0.0,0.27,0.0,0.13,0.08,0.0,0.07,0.21,0.05,0.0,0.08,0.0,1.0,0.04,0.05,0.0,1.0,1.13
COPD,0.17,0.22,0.0,0.18,0.41,0.11,0.18,0.13,2.14,2.44,0.14,0.18,0.15,0.25,0.1,0.18,0.07,0.1,0.11,0.08,0.16,0.06,0.16,0.08,0.08,0.03,0.0,0.08,0.08,0.18,0.0,0.27,0.19,0.52,0.12,0.1,0.18,0.38,0.09,0.09,0.23,0.25,0.04,1.0,0.09,0.07,4.9,2.25
psoriasiseczema,0.09,0.15,0.03,0.07,0.19,0.07,0.08,0.02,1.3,1.77,0.08,0.09,0.05,0.14,0.03,0.1,0.05,0.06,0.05,0.05,0.06,0.07,0.06,0.01,0.06,0.02,0.0,0.07,0.06,0.09,0.13,0.08,0.05,0.24,0.09,0.0,0.08,0.28,0.04,0.04,0.07,0.07,0.05,0.09,1.0,0.03,4.4,1.5
cancer,0.06,0.07,0.03,0.04,0.11,0.04,0.08,0.02,0.96,0.91,0.04,0.05,0.03,0.11,0.03,0.06,0.02,0.02,0.04,0.05,0.04,0.04,0.06,0.02,0.03,0.04,0.02,0.04,0.03,0.04,0.0,0.0,0.06,0.17,0.07,0.0,0.05,0.09,0.02,0.04,0.03,0.02,0.0,0.07,0.03,1.0,8.7,0.98
